1 0.3125 0.56328125 0.1 0.1046875
1 0.3125 0.68828125 0.1 0.1046875
7 0.3125 0.81328125 0.1 0.1046875
7 0.3140625 0.93828125 0.1 0.1046875
4 0.4390625 0.56484375 0.1 0.1015625
4 0.4375 0.68984375 0.1 0.1015625
10 0.4375 0.81328125 0.1 0.1015625
10 0.4390625 0.93828125 0.1 0.1015625
5 0.5625 0.56875 0.075 0.09375
5 0.5625 0.69375 0.075 0.09375
11 0.5625 0.81875 0.075 0.09375
11 0.5625 0.94375 0.075 0.09375
0 0.6859375 0.56328125 0.075 0.1015625
0 0.6859375 0.68828125 0.075 0.1015625
6 0.6859375 0.8125 0.075 0.103125
6 0.6859375 0.9390625 0.075 0.103125
8 0.81015625 0.93984375 0.0859375 0.1015625
8 0.81015625 0.81484375 0.0859375 0.1015625
2 0.81015625 0.68984375 0.0859375 0.1015625
2 0.81015625 0.56328125 0.0859375 0.1015625
9 0.93671875 0.94765625 0.0671875 0.0859375
9 0.93671875 0.82265625 0.0671875 0.0859375
3 0.93671875 0.69609375 0.0671875 0.0859375
3 0.93671875 0.57265625 0.0671875 0.0859375