3 0.06328125 0.07265625 0.0671875 0.0859375
3 0.18828125 0.07265625 0.0671875 0.0859375
3 0.31171875 0.07265625 0.0671875 0.0859375
3 0.43671875 0.07265625 0.0671875 0.0859375
3 0.56171875 0.07265625 0.0671875 0.0859375
3 0.68828125 0.07265625 0.0671875 0.0859375
3 0.81171875 0.07265625 0.0671875 0.0859375
3 0.93671875 0.07265625 0.0671875 0.0859375
3 0.93671875 0.196875 0.0671875 0.084375
3 0.81171875 0.19765625 0.0671875 0.0859375
3 0.68671875 0.19765625 0.0671875 0.0859375
3 0.56171875 0.19765625 0.0671875 0.0859375
3 0.43671875 0.19765625 0.0671875 0.0859375
3 0.31171875 0.19765625 0.0671875 0.0859375
3 0.18828125 0.19765625 0.0671875 0.0859375
3 0.06328125 0.19765625 0.0671875 0.0859375
3 0.06328125 0.32109375 0.0671875 0.0859375
3 0.18828125 0.32265625 0.0671875 0.0859375
3 0.31171875 0.32109375 0.0671875 0.0859375
3 0.43828125 0.32265625 0.0671875 0.0859375
3 0.56171875 0.32265625 0.0671875 0.0859375
3 0.68671875 0.32265625 0.0671875 0.0859375
3 0.81171875 0.32265625 0.0671875 0.0859375
3 0.93671875 0.32265625 0.0671875 0.0859375
3 0.93671875 0.44609375 0.0671875 0.0859375
3 0.81171875 0.44765625 0.0671875 0.0859375
3 0.68671875 0.44765625 0.0671875 0.0859375
3 0.56171875 0.44765625 0.0671875 0.0859375
3 0.43671875 0.44765625 0.0671875 0.0859375
3 0.31328125 0.44765625 0.0671875 0.0859375
3 0.18828125 0.44765625 0.0671875 0.0859375
3 0.06171875 0.44765625 0.0671875 0.0859375
9 0.06171875 0.57265625 0.0671875 0.0859375
9 0.18671875 0.57265625 0.0671875 0.0859375
9 0.31171875 0.57109375 0.0671875 0.0859375
9 0.43671875 0.57265625 0.0671875 0.0859375
9 0.56171875 0.57265625 0.0671875 0.0859375
9 0.68671875 0.57265625 0.0671875 0.0859375
9 0.81171875 0.57109375 0.0671875 0.0859375
9 0.93671875 0.57109375 0.0671875 0.0859375
9 0.93671875 0.69765625 0.0671875 0.0859375
9 0.81171875 0.69765625 0.0671875 0.0859375
9 0.68671875 0.69765625 0.0671875 0.0859375
9 0.56171875 0.69609375 0.0671875 0.0859375
9 0.43671875 0.69609375 0.0671875 0.0859375
9 0.31171875 0.69765625 0.0671875 0.0859375
9 0.18828125 0.69609375 0.0671875 0.0859375
9 0.06328125 0.69765625 0.0671875 0.0859375
9 0.06328125 0.82265625 0.0671875 0.0859375
9 0.18828125 0.82109375 0.0671875 0.0859375
9 0.31328125 0.82265625 0.0671875 0.0859375
9 0.43671875 0.82265625 0.0671875 0.0859375
9 0.56171875 0.82109375 0.0671875 0.0859375
9 0.68671875 0.82265625 0.0671875 0.0859375
9 0.81171875 0.82109375 0.0671875 0.0859375
9 0.93671875 0.82109375 0.0671875 0.0859375
9 0.93671875 0.94765625 0.0671875 0.0859375
9 0.81171875 0.94609375 0.0671875 0.0859375
9 0.68671875 0.94765625 0.0671875 0.0859375
9 0.56328125 0.94609375 0.0671875 0.0859375
9 0.43828125 0.94765625 0.0671875 0.0859375
9 0.31171875 0.94609375 0.0671875 0.0859375
9 0.18828125 0.94609375 0.0671875 0.0859375
9 0.06328125 0.94765625 0.0671875 0.0859375