2 0.93515625 0.43828125 0.0859375 0.1015625
2 0.93515625 0.31484375 0.0859375 0.1015625
2 0.81015625 0.43828125 0.0859375 0.1015625
2 0.81015625 0.31484375 0.0859375 0.1015625
2 0.81015625 0.18984375 0.0859375 0.1015625
2 0.93515625 0.18984375 0.0859375 0.1015625
2 0.93515625 0.06328125 0.0859375 0.1015625
2 0.81015625 0.06484375 0.0859375 0.1015625
2 0.68515625 0.06484375 0.0859375 0.1015625
2 0.68515625 0.1890625 0.0859375 0.1
2 0.68515625 0.31484375 0.0859375 0.1015625
2 0.68515625 0.43828125 0.0859375 0.1015625
2 0.56015625 0.43984375 0.0859375 0.1015625
2 0.56015625 0.31484375 0.0859375 0.1015625
2 0.56171875 0.1890625 0.0859375 0.1
2 0.56015625 0.06484375 0.0859375 0.1015625
2 0.43515625 0.06328125 0.0859375 0.1015625
2 0.43515625 0.1890625 0.0859375 0.1
2 0.43515625 0.31484375 0.0859375 0.1015625
2 0.43515625 0.43984375 0.0859375 0.1015625
2 0.31015625 0.43828125 0.0859375 0.1015625
2 0.18515625 0.43828125 0.0859375 0.1015625
2 0.06171875 0.43984375 0.0859375 0.1015625
2 0.06015625 0.31484375 0.0859375 0.1015625
2 0.18671875 0.31484375 0.0859375 0.1015625
2 0.31015625 0.31484375 0.0859375 0.1015625
2 0.31171875 0.18984375 0.0859375 0.1015625
2 0.31015625 0.06328125 0.0859375 0.1015625
2 0.18671875 0.18984375 0.0859375 0.1015625
2 0.06171875 0.18984375 0.0859375 0.1015625
2 0.06171875 0.06484375 0.0859375 0.1015625
2 0.18671875 0.06328125 0.0859375 0.1015625
8 0.06171875 0.56328125 0.0859375 0.1015625
8 0.18515625 0.56484375 0.0859375 0.1015625
8 0.31171875 0.56328125 0.0859375 0.1015625
8 0.43515625 0.56328125 0.0859375 0.1015625
8 0.56015625 0.56484375 0.0859375 0.1015625
8 0.68515625 0.56484375 0.0859375 0.1015625
8 0.81015625 0.56328125 0.0859375 0.1015625
8 0.93515625 0.56484375 0.0859375 0.1015625
8 0.93515625 0.68984375 0.0859375 0.1015625
8 0.81015625 0.68828125 0.0859375 0.1015625
8 0.68515625 0.68984375 0.0859375 0.1015625
8 0.56015625 0.68984375 0.0859375 0.1015625
8 0.43515625 0.68984375 0.0859375 0.1015625
8 0.31015625 0.68984375 0.0859375 0.1015625
8 0.18515625 0.68984375 0.0859375 0.1015625
8 0.06171875 0.68984375 0.0859375 0.1015625
8 0.06015625 0.81328125 0.0859375 0.1015625
8 0.18671875 0.81484375 0.0859375 0.1015625
8 0.31015625 0.81484375 0.0859375 0.1015625
8 0.43515625 0.81328125 0.0859375 0.1015625
8 0.56015625 0.81328125 0.0859375 0.1015625
8 0.68515625 0.81484375 0.0859375 0.1015625
8 0.81015625 0.81328125 0.0859375 0.1015625
8 0.93515625 0.81328125 0.0859375 0.1015625
8 0.81015625 0.93828125 0.0859375 0.1015625
8 0.93515625 0.93828125 0.0859375 0.1015625
8 0.68515625 0.93984375 0.0859375 0.1015625
8 0.56015625 0.93984375 0.0859375 0.1015625
8 0.43515625 0.93984375 0.0859375 0.1015625
8 0.31171875 0.93984375 0.0859375 0.1015625
8 0.18671875 0.93984375 0.0859375 0.1015625
8 0.06171875 0.93984375 0.0859375 0.1015625