8 0.9359375 0.06484375 0.084375 0.1015625
8 0.81015625 0.06328125 0.0828125 0.1015625
8 0.68515625 0.06484375 0.0828125 0.1015625
8 0.56171875 0.06484375 0.0828125 0.1015625
8 0.56015625 0.18984375 0.0828125 0.1015625
8 0.68671875 0.1890625 0.0828125 0.1
8 0.81015625 0.18984375 0.0828125 0.1015625
8 0.9359375 0.18984375 0.084375 0.1015625
8 0.9359375 0.31328125 0.084375 0.1015625
8 0.81015625 0.31328125 0.0828125 0.1015625
8 0.68671875 0.31484375 0.0828125 0.1015625
8 0.56015625 0.31328125 0.0828125 0.1015625
8 0.56015625 0.43828125 0.0828125 0.1015625
8 0.68515625 0.43984375 0.0828125 0.1015625
8 0.81015625 0.43984375 0.0828125 0.1015625
8 0.9359375 0.43828125 0.084375 0.1015625
8 0.4359375 0.06484375 0.084375 0.1015625
8 0.3109375 0.06484375 0.084375 0.1015625
8 0.1875 0.06484375 0.084375 0.1015625
8 0.0609375 0.06328125 0.084375 0.1015625
8 0.0609375 0.1890625 0.084375 0.1
8 0.18671875 0.1890625 0.0828125 0.1
8 0.3125 0.18984375 0.084375 0.1015625
8 0.4359375 0.18984375 0.084375 0.1015625
8 0.4359375 0.31484375 0.084375 0.1015625
8 0.3109375 0.31484375 0.084375 0.1015625
8 0.18671875 0.31328125 0.0828125 0.1015625
8 0.0609375 0.31328125 0.084375 0.1015625
8 0.0625 0.43984375 0.084375 0.1015625
8 0.18671875 0.43984375 0.0828125 0.1015625
8 0.3109375 0.43984375 0.084375 0.1015625
8 0.4359375 0.43984375 0.084375 0.1015625
2 0.0609375 0.56328125 0.084375 0.1015625
2 0.18671875 0.56328125 0.0828125 0.1015625
2 0.3109375 0.56484375 0.084375 0.1015625
2 0.4375 0.56484375 0.084375 0.1015625
2 0.56171875 0.56484375 0.0828125 0.1015625
2 0.68515625 0.56484375 0.0828125 0.1015625
2 0.81015625 0.56484375 0.0828125 0.1015625
2 0.9359375 0.56484375 0.084375 0.1015625
2 0.9359375 0.68828125 0.084375 0.1015625
2 0.8109375 0.68984375 0.084375 0.1015625
2 0.68515625 0.68984375 0.0828125 0.1015625
2 0.56171875 0.68984375 0.0828125 0.1015625
2 0.4359375 0.68984375 0.084375 0.1015625
2 0.3125 0.68828125 0.084375 0.1015625
2 0.18671875 0.68828125 0.0828125 0.1015625
2 0.0609375 0.68984375 0.084375 0.1015625
2 0.0625 0.81484375 0.084375 0.1015625
2 0.18671875 0.81484375 0.0828125 0.1015625
2 0.3109375 0.81328125 0.084375 0.1015625
2 0.4359375 0.81484375 0.084375 0.1015625
2 0.56171875 0.81484375 0.0828125 0.1015625
2 0.68515625 0.81484375 0.0828125 0.1015625
2 0.81015625 0.81328125 0.0828125 0.1015625
2 0.9359375 0.81484375 0.084375 0.1015625
2 0.9359375 0.93984375 0.084375 0.1015625
2 0.8109375 0.93984375 0.084375 0.1015625
2 0.68515625 0.93984375 0.0828125 0.1015625
2 0.56171875 0.93984375 0.0828125 0.1015625
2 0.4359375 0.93828125 0.084375 0.1015625
2 0.3109375 0.93828125 0.084375 0.1015625
2 0.1875 0.93984375 0.084375 0.1015625
2 0.0609375 0.93984375 0.084375 0.1015625