11 0.43671875 0.31875 0.0734375 0.09375
11 0.43671875 0.4421875 0.0734375 0.09375
11 0.43671875 0.1921875 0.0734375 0.09375
11 0.43671875 0.0671875 0.0734375 0.09375
11 0.56328125 0.06875 0.0734375 0.09375
11 0.56328125 0.19375 0.0734375 0.09375
11 0.56328125 0.3203125 0.0734375 0.09375
11 0.56171875 0.4421875 0.0734375 0.09375
11 0.68828125 0.0671875 0.0734375 0.09375
11 0.68828125 0.31875 0.0734375 0.09375
11 0.68828125 0.44375 0.0734375 0.09375
11 0.81171875 0.4421875 0.0734375 0.09375
11 0.81171875 0.3203125 0.0734375 0.09375
11 0.81171875 0.0671875 0.0734375 0.09375
11 0.81171875 0.19375 0.0734375 0.09375
11 0.93828125 0.06875 0.0734375 0.09375
11 0.93828125 0.1921875 0.0734375 0.09375
11 0.93671875 0.3171875 0.0734375 0.09375
11 0.93828125 0.44375 0.0734375 0.09375
11 0.31328125 0.06875 0.0734375 0.09375
11 0.18828125 0.06875 0.0734375 0.09375
11 0.06328125 0.06875 0.0734375 0.09375
11 0.06328125 0.19375 0.0734375 0.09375
11 0.18671875 0.19375 0.0734375 0.09375
11 0.31171875 0.19375 0.0734375 0.09375
11 0.31171875 0.3171875 0.0734375 0.09375
11 0.18671875 0.31875 0.0734375 0.09375
11 0.06171875 0.31875 0.0734375 0.09375
11 0.06171875 0.44375 0.0734375 0.09375
11 0.18828125 0.44375 0.0734375 0.09375
11 0.31328125 0.44375 0.0734375 0.09375
5 0.06328125 0.56875 0.0734375 0.09375
5 0.18671875 0.56875 0.0734375 0.09375
5 0.31328125 0.56875 0.0734375 0.09375
5 0.43671875 0.56875 0.0734375 0.09375
5 0.56171875 0.56875 0.0734375 0.09375
5 0.68671875 0.5671875 0.0734375 0.09375
5 0.81171875 0.5671875 0.0734375 0.09375
5 0.93671875 0.5671875 0.0734375 0.09375
5 0.93828125 0.6921875 0.0734375 0.09375
5 0.81171875 0.6921875 0.0734375 0.09375
5 0.68671875 0.69375 0.0734375 0.09375
5 0.56328125 0.6921875 0.0734375 0.09375
5 0.43671875 0.69375 0.0734375 0.09375
5 0.31171875 0.6921875 0.0734375 0.09375
5 0.18828125 0.6921875 0.0734375 0.09375
5 0.06328125 0.69375 0.0734375 0.09375
5 0.06484375 0.81875 0.0734375 0.09375
5 0.18828125 0.81875 0.0734375 0.09375
5 0.31328125 0.81875 0.0734375 0.09375
5 0.43828125 0.8171875 0.0734375 0.09375
5 0.56328125 0.8171875 0.0734375 0.09375
5 0.68828125 0.8171875 0.0734375 0.09375
5 0.81328125 0.8171875 0.0734375 0.09375
5 0.93828125 0.8171875 0.0734375 0.09375
5 0.93828125 0.9421875 0.0734375 0.09375
5 0.81171875 0.94375 0.0734375 0.09375
5 0.68828125 0.94375 0.0734375 0.09375
5 0.56328125 0.9421875 0.0734375 0.09375
5 0.43828125 0.9421875 0.0734375 0.09375
5 0.31328125 0.9421875 0.0734375 0.09375
5 0.18828125 0.94375 0.0734375 0.09375
5 0.06328125 0.94375 0.0734375 0.09375
11 0.68671875 0.19375 0.0734375 0.09375