0 0.06171875 0.0625 0.0734375 0.103125
0 0.18671875 0.0640625 0.0734375 0.103125
0 0.06171875 0.1890625 0.0734375 0.103125
0 0.18671875 0.1890625 0.0734375 0.103125
0 0.31171875 0.1875 0.0734375 0.103125
0 0.31171875 0.0640625 0.0734375 0.103125
0 0.06171875 0.3125 0.0734375 0.103125
0 0.18671875 0.3125 0.0734375 0.103125
0 0.31171875 0.3125 0.0734375 0.103125
0 0.06171875 0.43828125 0.0734375 0.1015625
0 0.18671875 0.4375 0.0734375 0.103125
0 0.31171875 0.43828125 0.0734375 0.1015625
0 0.43671875 0.0640625 0.0734375 0.103125
0 0.56171875 0.0640625 0.0734375 0.103125
0 0.68671875 0.0640625 0.0734375 0.103125
0 0.81171875 0.0640625 0.0734375 0.103125
0 0.43671875 0.1875 0.0734375 0.103125
0 0.56171875 0.1890625 0.0734375 0.103125
0 0.68671875 0.1890625 0.0734375 0.103125
0 0.81171875 0.1875 0.0734375 0.103125
0 0.43828125 0.31328125 0.0734375 0.1015625
0 0.56171875 0.31328125 0.0734375 0.1015625
0 0.68671875 0.31328125 0.0734375 0.1015625
0 0.81171875 0.31328125 0.0734375 0.1015625
0 0.81171875 0.43828125 0.0734375 0.1015625
0 0.68671875 0.4375 0.0734375 0.103125
0 0.56171875 0.43984375 0.0734375 0.1015625
0 0.43671875 0.43828125 0.0734375 0.1015625
0 0.93671875 0.0640625 0.0734375 0.103125
0 0.93671875 0.1890625 0.0734375 0.103125
0 0.93671875 0.3125 0.0734375 0.103125
0 0.93671875 0.43828125 0.0734375 0.1015625
6 0.93671875 0.56328125 0.0734375 0.1015625
6 0.81171875 0.56328125 0.0734375 0.1015625
6 0.68671875 0.5640625 0.0734375 0.103125
6 0.56171875 0.56328125 0.0734375 0.1015625
6 0.43671875 0.56328125 0.0734375 0.1015625
6 0.31171875 0.5625 0.0734375 0.103125
6 0.18671875 0.56328125 0.0734375 0.1015625
6 0.06171875 0.56328125 0.0734375 0.1015625
6 0.06171875 0.68828125 0.0734375 0.1015625
6 0.18671875 0.6875 0.0734375 0.103125
6 0.31171875 0.6875 0.0734375 0.103125
6 0.43515625 0.68828125 0.0734375 0.1015625
6 0.56171875 0.6875 0.0734375 0.103125
6 0.68671875 0.6875 0.0734375 0.103125
6 0.81171875 0.6875 0.0734375 0.103125
6 0.93515625 0.68828125 0.0734375 0.1015625
6 0.93671875 0.8125 0.0734375 0.103125
6 0.81171875 0.8140625 0.0734375 0.103125
6 0.68671875 0.8125 0.0734375 0.103125
6 0.56171875 0.8125 0.0734375 0.103125
6 0.43671875 0.8125 0.0734375 0.103125
6 0.31171875 0.8140625 0.0734375 0.103125
6 0.18671875 0.8140625 0.0734375 0.103125
6 0.06171875 0.8140625 0.0734375 0.103125
6 0.06171875 0.9375 0.0734375 0.103125
6 0.18671875 0.9375 0.0734375 0.103125
6 0.31171875 0.9375 0.0734375 0.103125
6 0.43671875 0.9390625 0.0734375 0.103125
6 0.56171875 0.9390625 0.0734375 0.103125
6 0.68671875 0.9375 0.0734375 0.103125
6 0.81171875 0.9390625 0.0734375 0.103125
6 0.93671875 0.9390625 0.0734375 0.103125