11 0.3125 0.065625 0.075 0.09375
11 0.9375 0.0640625 0.075 0.09375
10 0.5625 0.06171875 0.1 0.1015625
7 0.1875 0.06015625 0.1 0.1046875
3 0.68828125 0.81953125 0.0671875 0.0859375
3 0.81171875 0.82109375 0.0671875 0.0859375
3 0.93671875 0.82109375 0.0671875 0.0859375
3 0.31171875 0.81953125 0.0671875 0.0859375
3 0.18671875 0.82109375 0.0671875 0.0859375
3 0.06171875 0.82109375 0.0671875 0.0859375
2 0.68671875 0.68671875 0.0859375 0.1015625
2 0.31015625 0.68828125 0.0859375 0.1015625
0 0.4359375 0.6875 0.075 0.103125
0 0.5609375 0.6875 0.075 0.103125
3 0.56171875 0.56953125 0.0671875 0.0859375
3 0.43671875 0.56953125 0.0671875 0.0859375
9 0.43671875 0.44453125 0.0671875 0.0859375
9 0.56328125 0.44453125 0.0671875 0.0859375
9 0.68671875 0.19453125 0.0671875 0.0859375
9 0.81171875 0.19453125 0.0671875 0.0859375
9 0.93828125 0.19453125 0.0671875 0.0859375
9 0.31171875 0.19453125 0.0671875 0.0859375
9 0.18671875 0.19453125 0.0671875 0.0859375
9 0.06171875 0.19453125 0.0671875 0.0859375
8 0.3109375 0.3125 0.084375 0.1
8 0.6859375 0.3125 0.084375 0.1
6 0.56171875 0.31171875 0.0734375 0.1015625
6 0.43671875 0.31171875 0.0734375 0.1015625
4 0.5625 0.93828125 0.1 0.1015625
5 0.9375 0.9421875 0.075 0.09375
5 0.3125 0.940625 0.075 0.09375
1 0.18671875 0.9375 0.0984375 0.10625