1 0.68671875 0.43671875 0.0984375 0.1046875
1 0.6875 0.31328125 0.1 0.1046875
7 0.68671875 0.18828125 0.0984375 0.1046875
7 0.68671875 0.06328125 0.0984375 0.1046875
4 0.5625 0.43828125 0.1 0.1015625
4 0.5625 0.31484375 0.1 0.1015625
10 0.5625 0.18828125 0.1 0.1015625
10 0.5625 0.06328125 0.1 0.1015625
5 0.43671875 0.31875 0.0734375 0.09375
5 0.43671875 0.4421875 0.0734375 0.09375
11 0.43671875 0.1921875 0.0734375 0.09375
11 0.43671875 0.0671875 0.0734375 0.09375
0 0.31171875 0.3125 0.0734375 0.103125
0 0.31171875 0.43828125 0.0734375 0.1015625
6 0.31171875 0.1875 0.0734375 0.103125
6 0.31171875 0.0625 0.0734375 0.103125
8 0.18515625 0.1890625 0.0859375 0.1
8 0.18515625 0.06484375 0.0859375 0.1015625
2 0.18515625 0.43984375 0.0859375 0.1015625
2 0.18671875 0.31328125 0.0859375 0.1015625
9 0.06328125 0.07265625 0.0671875 0.0859375
9 0.06328125 0.19765625 0.0671875 0.0859375
3 0.06328125 0.44765625 0.0671875 0.0859375
3 0.06328125 0.32265625 0.0671875 0.0859375